FWGA sp data for tgp 98-08
(I5,1X,5(I6,F8.2))
5
    1      1   18.53     2   12.52     4    1.00
    2      1   17.53     2   32.52     3    1.50     4    1.00
    3      1   19.13     2   41.02     4    0.50
    4      1   12.04     2   30.50     4    0.50
    5      1   18.51     2   33.00     4    1.00
    6      1   26.51     2   26.01     3    3.50     4    2.00
    7      1   27.06     2   27.01     3    0.01     4    0.50
    8      1   19.03     2   34.00     3    0.01     4    0.01
    9      1   17.02     2   24.51     4    0.50
   10      1   14.55     2   18.52     4    0.50
   11      1   25.59     2   18.50     3    0.50     4    1.00
   12      1   16.03     2   35.52
   13      1   24.03     2    7.50     4    0.50
   14      1   21.59     2   23.53     3    0.50     4    1.00
   15      1   19.07     2   18.01     4    0.50
   16      1   19.56     2   17.51
   17      1   21.07     2   21.02     3    0.50     4    0.01
   18      1   10.55     2   34.01     3    0.50
   19      1   22.58     2   22.50     3    0.50     4    1.00
   20      1   17.03     2   28.50     3    0.50     4    1.00
   21      1   32.08     2   34.53     4    1.00
   22      1   57.12     2   38.04     3    1.50     4    2.50
   23      1   27.03     2   44.51     4    0.50
   24      1   19.05     2   33.00     4    1.00
   25      1   28.02     2   43.00     3    0.01     4    0.50
   26      1   28.52     2   18.02     3    3.50     4    1.00
   27      1   20.03     2   22.53     3    0.50     4    1.00
   28      1   23.53     2   37.00     3    0.50     4    0.51
   29      1   19.03     2   23.50     4    0.50
   30      1   26.03     2   23.02
   31      1   34.50     2   19.00     3    0.50     4    1.00
   32      1   33.54     2   31.01     4    0.01
   33      1   30.55     2   25.50     4    1.50
   34      1   29.55     2   25.51     3    0.50     4    1.00
   35      1   21.00     2   28.50     4    1.00
   36      1   42.05     2   19.00
   37      1   23.50     2   35.00     3    0.50     4    0.50
   38      1   15.01     2   48.50     3    0.50
   39      1   25.53     2   22.50     3    0.01     4    1.00
   40      1   26.06     2   18.01     3    0.50     4    1.00
   41      1   25.58     2   21.02     4    1.00
   42      1   20.00     2   29.00     3    1.50     4    2.50
   43      1   30.57     2   31.51     4    1.50
   44      1   26.57     2   43.51     3    0.50     4    0.50
   45      1   38.05     2   15.51     3    0.01     4    2.00
   46      1   30.55     2   24.00     3    1.50     4    2.00
   47      1   29.02     2   25.02     3    0.50     4    0.50
   48      1   20.55     2   27.01     3    0.50     4    0.50
   49      1   15.52     2   36.52     4    0.50
   50      1   26.56     2   12.52
   51      1   34.05     2   25.01     3    0.50     4    1.00
   52      1   38.55     2   31.02     4    0.01
   53      1   39.01     2   30.50     4    0.50
   54      1   31.08     2   22.00     3    0.50     4    1.00
   55      1   33.06     2   26.53     4    1.00
   56      1   24.02     2   28.54
   57      1   26.08     2   30.52     3    0.50     4    0.51
   58      1   14.54     2   32.02     3    0.50
   59      1   32.59     2   23.52     3    0.50     4    1.01
   60      1   30.05     2   16.51     3    0.50     4    1.00
   61      1   30.06     2   29.51     4    2.00
   62      1   28.01     2   22.00     3    3.50     4    3.50
   63      1   29.05     2   38.50     4    0.50
   64      1   30.54     2   38.01     3    0.50     4    1.00
   65      1   38.06     2   24.51     4    1.00
   66      1   33.55     2   24.00     3    3.50     4    1.51
   67      1   35.08     2   36.52     3    0.50     4    1.00
   68      1   25.54     2   47.01     3    0.50     4    0.50
   69      1   12.52     2   47.00     4    0.50
   70      1   22.54     2   23.00     4    0.50
   71      1   35.04     2   28.01     3    0.50     4    1.00
   72      1   27.58     2   31.00
   73      1   37.51     2   20.50     4    1.50
   74      1   35.04     2   20.05     3    0.50     4    1.00
   75      1   30.55     2   32.51     4    1.01
   76      1   41.52     2   22.50
   77      1   28.56     2   26.01     3    0.50     4    0.50
   78      1   23.56     2   29.50     3    0.50
   79      1   29.56     2   32.00     3    0.50     4    1.00
   80      1   34.61     2   27.01     3    0.50     4    1.00
   81      1   31.01     2   38.50     4    1.00
   82      1   26.55     2   34.50     3    0.50     4    1.50
   83      1   35.56     2   25.50     4    0.50
   84      1   18.07     2   36.50     3    0.50     4    1.00
   85      1   37.08     2   24.00     4    1.00
   86      1   29.57     2   31.00     3    3.50     4    4.50
   87      1   29.07     2   37.01     3    0.50     4    0.50
   88      1   29.06     2   29.51     3    0.50     4    0.50
   89      1   21.04     2   48.02     4    0.50
   90      1   17.01     2   27.50
   91      1   38.58     2   44.51     3    0.50     4    1.01
   92      1   18.06     2   39.50
   93      1   31.53     2   40.50     4    3.50
   94      1   24.50     2   50.01     3    0.50     4    1.00
   95      1   14.55     2   52.00     4    1.00
   96      1   46.53     2   26.50
   97      1   32.04     2   22.52     3    0.50     4    0.50
   98      1   25.52     2   46.00     3    1.50
   99      1   24.55     2   30.52     3    0.50     4    1.00
  100      1   17.57     2   36.50     3    0.50     4    1.00
  101      1   33.07     2   32.50     4    1.00
  102      1   29.53     2   31.51     3    3.50     4    1.00
  103      1   23.51     2   51.00     4    0.50
  104      1   24.57     2   32.00     3    0.50     4    1.00
  105      1   40.01     2   29.50     4    2.00
  106      1   27.06     2   28.50     3    3.50     4    4.00
  107      1   36.58     2   34.01     3    0.50     4    0.50
  108      1   33.57     2   32.50     3    0.50     4    0.50
  109      1   24.53     2   31.00     4    0.50
  110      1   23.01     2   35.00
  111      1   37.52     2   20.00     3    0.50     4    1.00
  112      1   26.52     2   45.50
  113      1   51.51     2   24.50     4    3.50
  114      1   26.01     2   29.00     3    0.50     4    1.00
  115      1   29.03     2   56.01     4    1.00
  116      1   32.01     2   32.00
  117      1   27.03     2   29.00     3    1.50     4    0.50
  118      1   20.04     2   35.51     3    1.50     4    0.01
  119      1   26.51     2   29.01     3    0.50     4    1.50
  120      1   27.53     2   31.01     3    0.50     4    1.00
  121      1   36.53     2   40.00     4    1.00
  122      1   36.53     2   45.50     3    1.50     4    2.00
  123      1   29.04     2   69.00     4    0.50
  124      1   36.55     2   28.01     3    0.50     4    2.00
  125      1   40.51     2   38.50     3    0.50     4    1.00
  126      1  102.53     2   43.50     3    7.50     4    4.50
  127      1   31.58     2   46.01     3    0.50     4    0.50
  128      1   71.04     2   28.00     3    0.50     4    0.50
  129      1   10.02     2   59.50     4    0.50
  130      1   23.53     2   52.51     4    0.50
  131      1   37.03     2   30.50     3    0.50     4    1.00
  132      1   29.56     2   43.00
  133      1   76.50     2   36.00     4    1.50
  134      1   34.06     2   32.00     3    0.50     4    3.50
  135      1   40.59     2   59.02     4    1.00
  136      1   42.52     2   65.51
  137      1   26.52     2   36.01     3    3.50
  138      1   26.54     2   48.51     3    1.50
  139      1   23.53     2   63.50     3    0.50     4    1.50
  140      1   41.05     2   24.01     3    0.50     4    1.00
  141      1   38.02     2   69.50     4    1.00
  142      1   29.57     2   30.01     3    0.50     4    2.50
  143      1   23.03     2   28.50     4    0.50
  144      1   46.55     2   66.00     3    0.50     4    1.00
  145      1   32.10     2   41.51     3    0.50     4    1.01
  146      1   40.52     2   42.00     3    3.50     4    1.50
  147      1   34.05     2   31.52     3    0.50     4    0.50
  148      1   31.50     2   31.01     3    0.50     4    0.50
  149      1   58.52     2   44.00     4    0.50
  150      1   22.51     2   52.01     4    0.50
  151      1   41.01     2   42.00     3    0.50     4    1.00
  152      1   42.56     2   46.50
  153      1   66.52     2   39.00     4    0.50
  154      1   30.56     2   35.00     3    0.50     4    1.50
  155      1   36.55     2   55.50     4    1.00
  156      1   44.03     2   41.50
  157      1   30.03     2   34.00     3    1.50     4    0.50
  158      1   26.57     2   44.01     3    3.50
  159      1   31.52     2   48.50     3    0.50     4    1.50
  160      1   66.04     2   37.01     3    0.50     4    1.00
  161      1   38.00     2   45.00     4    1.00
  162      1   29.53     2   43.50     3    1.50     4    2.50
  163      1   37.53     2   38.00     4    0.51
  164      1   23.03     2   35.00     3    0.50     4    1.50
  165      1   29.54     2   49.50     3    0.50     4    1.00
  166      1   58.53     2   52.51     3    7.50     4    4.51
  167      1   24.03     2   42.01     3    0.50     4    0.50
  168      1   29.54     2   39.00     3    0.50     4    1.00
  169      1   14.51     2   49.00     4    0.50
  170      1   14.01     2   78.01     4    0.50
  171      1   45.01     2   58.00     3    0.50     4    1.00
  172      1   23.55     2   29.00
  173      1   63.54     2   21.00     4    1.50
  174      1   26.54     2   38.50     3    0.50     4    1.51
  175      1   39.54     2   56.00     4    2.00
  176      1   46.57     2   39.00
  177      1   34.52     2   39.01     3    3.50     4    0.50
  178      1   15.00     2   57.50     3    7.50     4    0.50
  179      1   18.52     2   55.00     3    0.50     4    1.50
  180      1   29.01     2   44.00     3    0.50     4    2.00
  181      1   30.56     2   30.02     4    2.00
  182      1   36.55     2   48.51     3    1.50     4    2.50
  183      1   27.02     2   74.00     4    1.50
  184      1   54.06     2   46.50     3    1.50     4    1.50
  185      1   47.04     2   50.50     3    0.50     4    4.00
  186      1   63.02     2   41.51     3    3.50     4    4.50
  187      1   33.04     2   65.01     4    1.51
  188      1   46.51     2   66.50     3    1.50     4    1.00
  189      1   17.01     2   50.50     4    1.50
  190      1   21.53     2   54.50     4    0.50
  191      1   40.01     2   47.51     3    0.50     4    1.00
  192      1   37.07     2   36.51     4    0.01
  193      1   53.51     2   19.50     4    1.50
  194      1   40.50     2   51.00     3    0.50     4    2.00
  195      1   31.05     2   49.51     4    1.01
  196      1   41.54     2   34.50
  197      1   41.04     2   36.00     3    3.50
  198      1   42.02     2   45.50     3    3.50     4    0.50
  199      1   21.55     2   47.50     3    0.50     4    1.50
  200      1   47.50     2   34.01     3    0.50     4    1.00
  201      1   44.52     2   23.50     4    2.00
  202      1   31.01     2   48.00     3    1.50     4    1.50
  203      1   33.52     2   53.50     4    0.50
  204      1   33.01     2   52.00     3    0.50     4    1.00
  205      1   38.04     2   55.51     3    0.50     4    2.00
  206      1   43.01     2   47.50     3    7.50     4    7.50
  207      1   30.55     2   49.50     4    1.00
  208      1   44.51     2   34.00     3    0.50     4    1.50
  209      1   19.00     2   74.02     4    0.50
  210      1   35.02     2   46.51     4    0.50
  211      1   57.03     2   33.50     3    0.50     4    1.00
  212      1   43.03     2   57.00     4    0.50
  213      1   47.01     2   26.50     4    3.50
  214      1   33.56     2   37.01     3    0.50     4    1.50
  215      1   33.06     2   65.00     4    5.00
  216      1   50.52     2   38.00
  217      1   38.06     2   36.00     3    7.50
  218      1   27.51     2   47.00     3    3.50
  219      1   21.05     2   48.00     3    0.50     4    1.50
  220      1   38.52     2   31.00     4    1.00
    0       
F       G       S       W       
1998.2051998.2061998.2081998.22 1998.2221998.2261998.2381998.2441998.2541998.259
1998.3031998.3071998.3081998.3091998.3171998.3191998.3311998.3431998.3461998.35 
1999.2051999.2061999.2081999.22 1999.2221999.2261999.2381999.2441999.2541999.259
1999.3031999.3071999.3081999.3091999.3171999.3191999.3311999.3431999.3461999.35 
2000.2052000.2062000.2082000.22 2000.2222000.2262000.2382000.2442000.2542000.259
2000.3032000.3072000.3082000.3092000.3172000.3192000.3312000.3432000.3462000.35 
2001.2052001.2062001.2082001.22 2001.2222001.2262001.2382001.2442001.2542001.259
2001.3032001.3072001.3082001.3092001.3172001.3192001.3312001.3432001.3462001.35 
2002.2052002.2062002.2082002.22 2002.2222002.2262002.2382002.2442002.2542002.259
2002.3032002.3072002.3082002.3092002.3172002.3192002.3312002.3432002.3462002.35 
2003.2052003.2062003.2082003.22 2003.2222003.2262003.2382003.2442003.2542003.259
2003.3032003.3072003.3082003.3092003.3172003.3192003.3312003.3432003.3462003.35 
2004.2052004.2062004.2082004.22 2004.2222004.2262004.2382004.2442004.2542004.259
2004.3032004.3072004.3082004.3092004.3172004.3192004.3312004.3432004.3462004.35 
2005.2052005.2062005.2082005.22 2005.2222005.2262005.2382005.2442005.2542005.259
2005.3032005.3072005.3082005.3092005.3172005.3192005.3312005.3432005.3462005.35 
2006.2052006.2062006.2082006.22 2006.2222006.2262006.2382006.2442006.2542006.259
2006.3032006.3072006.3082006.3092006.3172006.3192006.3312006.3432006.3462006.35 
2007.2052007.2062007.2082007.22 2007.2222007.2262007.2382007.2442007.2542007.259
2007.3032007.3072007.3082007.3092007.3172007.3192007.3312007.3432007.3462007.35 
2008.2052008.2062008.2082008.22 2008.2222008.2262008.2382008.2442008.2542008.259
2008.3032008.3072008.3082008.3092008.3172008.3192008.3312008.3432008.3462008.35 
