habit
(I5,1X,7(I6,F4.0))
7
    1      1  58     2  39     3  22     4  17     5  18     6   2
    2      1  49     2  55     3  30     4  25     5  26     6   5
    3      1  66     2  51     3  29     4  22     5  20     6   2
    4      1  43     2  52     3  30     4  22     5  11
    5      1  59     2  67     3  36     4  31     5  18     6   2
    6      1  52     2  49     3  27     4  22     5  23     6   6
    7      1  65     2  68     3  41     4  27     5  20     6   1
    8      1  53     2  66     3  34     4  32     5  21     6   1
    9      1  47     2  61     3  34     4  27     5   7     6   2
   10      1  49     2  53     3  20     4  33     5  16
   11      1  78     2  51     3  28     4  23     5  25     6   4
   12      1  53     2  81     3  40     4  41     5  14
   13      1  50     2  30     3  14     4  16     5  18     6   2
   14      1  70     2  56     3  31     4  25     5  21     6   4
   15      1  62     2  60     3  37     4  23     5  10
   16      1  58     2  51     3  22     4  29     5   6
   17      1  69     2  61     3  35     4  26     5  19     6   3
   18      1  37     2  62     3  27     4  35     5  10     6   2
   19      1  71     2  50     3  22     4  28     5  14     6   6
   20      1  55     2  55     3  26     4  29     5  12     6   4
   21      1  88     2  52     3  32     4  20     5  21     6   2
   22      1  62     2  58     3  36     4  22     5  35     6   7
   23      1  88     2  59     3  34     4  25     5  20     6   2
   24      1  64     2  56     3  36     4  20     5  16     6   2
   25      1  73     2  55     3  29     4  26     5  18     6   1
   26      1  67     2  43     3  23     4  20     5  16     6   6
   27      1  68     2  64     3  34     4  30     5  14     6   4
   28      1  67     2  71     3  40     4  31     5  22     6   3
   29      1  46     2  61     3  39     4  22     5   8     6   2
   30      1  66     2  62     3  27     4  35     5  13
   31      1  95     2  56     3  30     4  26     5  29     6   4
   32      1  93     2  81     3  44     4  37     5  14     6   1
   33      1  71     2  47     3  20     4  27     5  20     6   3
   34      1  98     2  65     3  40     4  25     5  21     6   4
   35      1  69     2  68     3  44     4  24     5  11     6   2
   36      1  74     2  54     3  20     4  34     5  12
   37      1  72     2  63     3  33     4  30     5  19     6   4
   38      1  53     2  66     3  32     4  34     5   8     6   2
   39      1  79     2  52     3  24     4  28     5  17     6   5
   40      1  76     2  53     3  33     4  20     5  13     6   4
   41      1  76     2  48     3  25     4  23     5  23     6   2
   42      1  50     2  58     3  28     4  30     5  33     6   7
   43      1  78     2  56     3  33     4  23     5  23     6   3
   44      1  79     2  64     3  38     4  26     5  20     6   2
   45      1  93     2  44     3  23     4  21     5  26     6   3
   46      1  77     2  46     3  29     4  17     5  25     6   5
   47      1  87     2  65     3  36     4  29     5  17     6   2
   48      1  54     2  65     3  37     4  28     5  22     6   2
   49      1  46     2  75     3  44     4  31     5   8     6   2
   50      1  59     2  49     3  18     4  31     5  18
   51      1  93     2  58     3  27     4  31     5  34     6   4
   52      1  68     2  85     3  45     4  40     5  15
   53      1  65     2  42     3  15     4  27     5  24     6   2
   54      1  99     2  65     3  36     4  29     5  23     6   4
   55      1  56     2  69     3  45     4  24     5  10     6   2
   56      1  63     2  64     3  23     4  41     5  10
   57      1  56     2  67     3  28     4  39     5  22     6   4
   58      1  46     2  72     3  34     4  38     5  13     6   2
   59      1  72     2  60     3  27     4  33     5  20     6   6
   60      1  61     2  55     3  32     4  23     5  21     6   4
   61      1  90     2  55     3  30     4  25     5  19     6   3
   62      1  76     2  54     3  24     4  30     5  34     6   9
   63      1  81     2  54     3  22     4  32     5  24     6   2
   64      1  82     2  60     3  33     4  27     5  21     6   4
   65      1 119     2  62     3  38     4  24     5  25     6   2
   66      1  78     2  55     3  30     4  25     5  30     6   7
   67      1 116     2  68     3  37     4  31     5  21     6   4
   68      1  77     2  77     3  41     4  36     5  21     6   2
   69      1  38     2  66     3  35     4  31     5   4     6   2
   70      1  72     2  64     3  26     4  38     5  18
   71      1 105     2  59     3  31     4  28     5  32     6   4
   72      1  92     2  92     3  50     4  42     5  13
   73      1  69     2  41     3  14     4  27     5  25     6   3
   74      1  94     2  56     3  27     4  29     5  23     6   4
   75      1  91     2  74     3  43     4  31     5  12     6   3
   76      1  97     2  61     3  24     4  37     5  11
   77      1  92     2  64     3  36     4  28     5  22     6   4
   78      1  79     2  70     3  38     4  32     5  12     6   2
   79      1  76     2  77     3  32     4  45     5  18     6   6
   80      1  94     2  72     3  40     4  32     5  19     6   4
   81      1 101     2  56     3  29     4  27     5  20     6   2
   82      1  76     2  65     3  33     4  32     5  24     6   6
   83      1  87     2  51     3  27     4  24     5  23     6   2
   84      1  58     2  54     3  27     4  27     5  20     6   4
   85      1 105     2  64     3  38     4  26     5  25     6   2
   86      1  70     2  69     3  38     4  31     5  33     6   6
   87      1  92     2  72     3  43     4  29     5  20     6   2
   88      1  79     2  69     3  38     4  31     5  26     6   2
   89      1  50     2  62     3  37     4  25     5  10     6   2
   90      1  50     2  63     3  22     4  41     5  16
   91      1 103     2  67     3  31     4  36     5  30     6   5
   92      1  57     2  88     3  45     4  43     5  11
   93      1  61     2  47     3  13     4  34     5  24     6   4
   94      1  73     2  67     3  28     4  39     5  21     6   4
   95      1  50     2  80     3  47     4  33     5   9     6   2
   96      1  89     2  61     3  26     4  35     5   8
   97      1  84     2  63     3  36     4  27     5  20     6   4
   98      1  65     2  84     3  46     4  38     5  11     6   3
   99      1  66     2  58     3  18     4  40     5  14     6   6
  100      1  58     2  75     3  40     4  35     5  21     6   4
  101      1  84     2  59     3  33     4  26     5  25     6   2
  102      1  75     2  66     3  35     4  31     5  35     6   6
  103      1  69     2  60     3  26     4  34     5  26     6   2
  104      1  74     2  57     3  29     4  28     5  23     6   4
  105      1 106     2  72     3  40     4  32     5  33     6   2
  106      1  71     2  63     3  34     4  29     5  24     6   6
  107      1 110     2  70     3  41     4  29     5  17     6   2
  108      1  91     2  76     3  41     4  35     5  21     6   2
  109      1  51     2  67     3  41     4  26     5  12     6   2
  110      1  57     2  64     3  20     4  44     5  16
  111      1  92     2  57     3  28     4  29     5  29     6   4
  112      1  81     2  89     3  44     4  45     5  18
  113      1  73     2  40     3  15     4  25     5  23     6   4
  114      1  73     2  61     3  32     4  29     5  25     6   4
  115      1  93     2  87     3  54     4  33     5  12     6   2
  116      1 102     2  69     3  29     4  40     5   8
  117      1  81     2  63     3  32     4  31     5  20     6   5
  118      1  67     2  80     3  43     4  37     5  11     6   4
  119      1  64     2  62     3  19     4  43     5  19     6   6
  120      1  79     2  72     3  39     4  33     5  20     6   4
  121      1  81     2  53     3  26     4  27     5  28     6   2
  122      1  80     2  74     3  38     4  36     5  38     6   5
  123      1  79     2  62     3  32     4  30     5  25     6   2
  124      1  80     2  59     3  29     4  30     5  33     6   4
  125      1  98     2  79     3  42     4  37     5  32     6   4
  126      1 111     2  67     3  33     4  34     5  38     6   7
  127      1  91     2  82     3  49     4  33     5  19     6   2
  128      1 106     2  74     3  39     4  35     5  25     6   2
  129      1  34     2  82     3  53     4  29     5   2     6   2
  130      1  61     2  56     3  13     4  43     5  18
  131      1  88     2  61     3  26     4  35     5  33     6   4
  132      1  71     2  88     3  44     4  44     5  16
  133      1  78     2  44     3  13     4  31     5  24     6   3
  134      1  74     2  55     3  26     4  29     5  27     6   2
  135      1  88     2  85     3  50     4  35     5  15     6   2
  136      1  94     2  66     3  25     4  41     5   6
  137      1  62     2  72     3  36     4  36     5  20     6   4
  138      1  55     2  86     3  45     4  41     5  14     6   3
  139      1  56     2  59     3  22     4  37     5  18     6   6
  140      1  79     2  65     3  34     4  31     5  22     6   4
  141      1  79     2  70     3  37     4  33     5  30     6   2
  142      1  90     2  71     3  39     4  32     5  35     6   6
  143      1  66     2  60     3  25     4  35     5  26     6   2
  144      1 100     2  70     3  39     4  31     5  33     6   4
  145      1  89     2  81     3  43     4  38     5  35     6   5
  146      1  60     2  57     3  25     4  32     5  34     6   6
  147      1 108     2  74     3  40     4  34     5  22     6   2
  148      1  84     2  74     3  39     4  35     5  19     6   4
  149      1  56     2  68     3  38     4  30     5  12     6   2
  150      1  61     2  65     3  26     4  39     5  16
  151      1  92     2  56     3  22     4  34     5  31     6   4
  152      1 101     2  85     3  41     4  44     5  24
  153      1  68     2  48     3  17     4  31     5  24     6   2
  154      1  76     2  64     3  27     4  37     5  25     6   2
  155      1  81     2  84     3  46     4  38     5  18     6   2
  156      1  84     2  70     3  22     4  48     5  14
  157      1  74     2  66     3  30     4  36     5  23     6   5
  158      1  64     2  86     3  45     4  41     5  14     6   4
  159      1  63     2  60     3  18     4  42     5  22     6   6
  160      1  91     2  78     3  43     4  35     5  26     6   4
  161      1  54     2  57     3  27     4  30     5  23     6   2
  162      1  66     2  65     3  30     4  35     5  38     6   7
  163      1  77     2  59     3  28     4  31     5  25     6   3
  164      1  52     2  67     3  34     4  33     5  26     6   6
  165      1  72     2  68     3  31     4  37     5  32     6   4
  166      1  63     2  63     3  27     4  36     5  43     6   8
  167      1  78     2  69     3  36     4  33     5  20     6   2
  168      1  77     2  73     3  34     4  39     5  27     6   4
  169      1  46     2  72     3  36     4  36     5  10     6   2
  170      1  45     2  58     3  22     4  36     5  14
  171      1  84     2  54     3  22     4  32     5  29     6   4
  172      1  65     2  74     3  36     4  38     5  21
  173      1  61     2  36     3  12     4  24     5  28     6   3
  174      1  55     2  52     3  20     4  32     5  27     6   3
  175      1  67     2  75     3  40     4  35     5  17     6   3
  176      1  91     2  72     3  24     4  48     5   7
  177      1  56     2  67     3  31     4  36     5  20     6   6
  178      1  42     2  85     3  40     4  45     5  15     6   7
  179      1  49     2  58     3  22     4  36     5  16     6   6
  180      1  76     2  76     3  39     4  37     5  29     6   4
  181      1  69     2  53     3  23     4  30     5  23     6   3
  182      1  94     2  74     3  37     4  37     5  44     6   7
  183      1  72     2  67     3  35     4  32     5  25     6   3
  184      1  94     2  75     3  40     4  35     5  31     6   7
  185      1 118     2  70     3  35     4  35     5  34     6   6
  186      1  90     2  70     3  39     4  31     5  36     6   6
  187      1 103     2  82     3  44     4  38     5  20     6   5
  188      1  98     2  84     3  45     4  39     5  28     6   5
  189      1  49     2  81     3  49     4  32     5  10     6   3
  190      1  61     2  60     3  24     4  36     5  14
  191      1 100     2  64     3  28     4  36     5  29     6   4
  192      1 106     2  83     3  43     4  40     5  26     6   1
  193      1  69     2  45     3  20     4  25     5  21     6   3
  194      1  86     2  67     3  30     4  37     5  28     6   4
  195      1  88     2  82     3  49     4  33     5  20     6   3
  196      1  97     2  71     3  25     4  46     5  15
  197      1 105     2  80     3  37     4  43     5  22     6   4
  198      1  72     2  91     3  50     4  41     5  14     6   6
  199      1  62     2  63     3  24     4  39     5  21     6   6
  200      1  99     2  73     3  42     4  31     5  26     6   4
  201      1  99     2  50     3  28     4  22     5  26     6   3
  202      1  76     2  70     3  35     4  35     5  38     6   7
  203      1  84     2  69     3  39     4  30     5  24     6   2
  204      1  72     2  77     3  45     4  32     5  29     6   4
  205      1  97     2  84     3  47     4  37     5  35     6   5
  206      1  70     2  68     3  34     4  34     5  33     6   9
  207      1  86     2  96     3  55     4  41     5  20     6   2
  208      1  77     2  79     3  37     4  42     5  30     6   6
  209      1  48     2  85     3  50     4  35     5   8     6   2
  210      1  59     2  62     3  22     4  40     5  18
  211      1  99     2  61     3  26     4  35     5  36     6   4
  212      1  81     2  93     3  47     4  46     5  20     6   2
  213      1  74     2  49     3  20     4  29     5  19     6   4
  214      1  75     2  69     3  33     4  36     5  29     6   2
  215      1  77     2  87     3  55     4  32     5  18     6   4
  216      1  92     2  73     3  32     4  41     5  12
  217      1  88     2  77     3  35     4  42     5  22     6   5
  218      1  53     2  89     3  49     4  40     5  17     6   4
  219      1  61     2  67     3  30     4  37     5  20     6   6
  220      1  82     2  75     3  43     4  32     5  20     6   2
    0       
F       Gsum    G3      G4      L       W       
1998.2051998.2061998.2081998.22 1998.2221998.2261998.2381998.2441998.2541998.259
1998.3031998.3071998.3081998.3091998.3171998.3191998.3311998.3431998.3461998.35 
1999.2051999.2061999.2081999.22 1999.2221999.2261999.2381999.2441999.2541999.259
1999.3031999.3071999.3081999.3091999.3171999.3191999.3311999.3431999.3461999.35 
2000.2052000.2062000.2082000.22 2000.2222000.2262000.2382000.2442000.2542000.259
2000.3032000.3072000.3082000.3092000.3172000.3192000.3312000.3432000.3462000.35 
2001.2052001.2062001.2082001.22 2001.2222001.2262001.2382001.2442001.2542001.259
2001.3032001.3072001.3082001.3092001.3172001.3192001.3312001.3432001.3462001.35 
2002.2052002.2062002.2082002.22 2002.2222002.2262002.2382002.2442002.2542002.259
2002.3032002.3072002.3082002.3092002.3172002.3192002.3312002.3432002.3462002.35 
2003.2052003.2062003.2082003.22 2003.2222003.2262003.2382003.2442003.2542003.259
2003.3032003.3072003.3082003.3092003.3172003.3192003.3312003.3432003.3462003.35 
2004.2052004.2062004.2082004.22 2004.2222004.2262004.2382004.2442004.2542004.259
2004.3032004.3072004.3082004.3092004.3172004.3192004.3312004.3432004.3462004.35 
2005.2052005.2062005.2082005.22 2005.2222005.2262005.2382005.2442005.2542005.259
2005.3032005.3072005.3082005.3092005.3172005.3192005.3312005.3432005.3462005.35 
2006.2052006.2062006.2082006.22 2006.2222006.2262006.2382006.2442006.2542006.259
2006.3032006.3072006.3082006.3092006.3172006.3192006.3312006.3432006.3462006.35 
2007.2052007.2062007.2082007.22 2007.2222007.2262007.2382007.2442007.2542007.259
2007.3032007.3072007.3082007.3092007.3172007.3192007.3312007.3432007.3462007.35 
2008.2052008.2062008.2082008.22 2008.2222008.2262008.2382008.2442008.2542008.259
2008.3032008.3072008.3082008.3092008.3172008.3192008.3312008.3432008.3462008.35 
