habit richness
(I5,1X,8(I6,F3.0))
8
    1      1 30     2 11     3  8     4  9     5  1
    2      1 26     2 15     3 10     4 13     5  2
    3      1 39     2 12     3  8     4 10     5  1
    4      1 23     2 15     3  8     4  6
    5      1 30     2 18     3 10     4  9     5  1
    6      1 24     2 14     3  7     4 11     5  2
    7      1 34     2 21     3 10     4  9     5  1
    8      1 27     2 17     3 11     4 11     5  1
    9      1 22     2 17     3 11     4  4     5  1
   10      1 27     2 11     3 14     4  8
   11      1 41     2 14     3  9     4 14     5  2
   12      1 28     2 21     3 16     4  7
   13      1 24     2  7     3  8     4  9     5  1
   14      1 38     2 16     3 10     4 11     5  2
   15      1 33     2 19     3 10     4  5
   16      1 30     2 11     3 13     4  3
   17      1 38     2 18     3 12     4  9     5  2
   18      1 21     2 14     3 13     4  5     5  1
   19      1 38     2 11     3 10     4  7     5  3
   20      1 28     2 13     3 10     4  6     5  2
   21      1 46     2 14     3  8     4  9     5  1
   22      1 36     2 16     3 10     4 15     5  3
   23      1 45     2 15     3  9     4 10     5  1
   24      1 33     2 17     3  7     4  9     5  1
   25      1 36     2 14     3  8     4  9     5  1
   26      1 32     2 11     3  9     4  8     5  2
   27      1 35     2 18     3 12     4  7     5  2
   28      1 33     2 20     3 12     4 12     5  2
   29      1 22     2 18     3  9     4  5     5  1
   30      1 33     2 14     3 14     4  6
   31      1 46     2 15     3 11     4 14     5  2
   32      1 46     2 22     3 15     4  7     5  1
   33      1 34     2  9     3 10     4 10     5  1
   34      1 50     2 20     3 10     4 11     5  2
   35      1 34     2 20     3  9     4  5     5  1
   36      1 37     2 10     3 14     4  4
   37      1 36     2 16     3 12     4  9     5  2
   38      1 27     2 16     3 13     4  4     5  1
   39      1 39     2 12     3 11     4  9     5  3
   40      1 37     2 17     3  8     4  8     5  2
   41      1 41     2 13     3  9     4 11     5  1
   42      1 25     2 13     3 11     4 16     5  3
   43      1 41     2 14     3  8     4 11     5  1
   44      1 40     2 18     3  8     4 11     5  1
   45      1 46     2 12     3  8     4 12     5  2
   46      1 39     2 13     3  7     4 12     5  2
   47      1 43     2 19     3 11     4  8     5  1
   48      1 28     2 18     3 11     4 11     5  1
   49      1 23     2 20     3 13     4  4     5  1
   50      1 31     2 10     3 15     4  8
   51      1 47     2 14     3 11     4 17     5  2
   52      1 34     2 23     3 17     4  7
   53      1 29     2  7     3 10     4 10     5  1
   54      1 52     2 18     3 12     4 11     5  2
   55      1 28     2 23     3  9     4  5     5  1
   56      1 31     2 13     3 16     4  5
   57      1 31     2 15     3 14     4 10     5  2
   58      1 24     2 18     3 14     4  7     5  1
   59      1 35     2 14     3 13     4 12     5  3
   60      1 29     2 16     3 10     4 11     5  2
   61      1 46     2 14     3  8     4  9     5  1
   62      1 38     2 12     3 12     4 16     5  3
   63      1 41     2 10     3 11     4 12     5  1
   64      1 40     2 14     3 11     4 10     5  2
   65      1 61     2 19     3  9     4 12     5  1
   66      1 40     2 14     3 10     4 14     5  3
   67      1 60     2 19     3 12     4 11     5  2
   68      1 39     2 21     3 12     4 11     5  1
   69      1 19     2 15     3 11     4  2     5  1
   70      1 36     2 13     3 15     4 10
   71      1 53     2 15     3 10     4 16     5  2
   72      1 48     2 24     3 18     4  7
   73      1 31     2  7     3 10     4 11     5  1
   74      1 46     2 15     3 12     4 11     5  2
   75      1 45     2 21     3 11     4  6     5  2
   76      1 45     2 12     3 15     4  6
   77      1 48     2 17     3 12     4 11     5  2
   78      1 41     2 19     3 12     4  6     5  1
   79      1 37     2 16     3 18     4 10     5  3
   80      1 49     2 20     3 13     4 10     5  2
   81      1 50     2 12     3 11     4 10     5  1
   82      1 39     2 16     3 11     4 12     5  3
   83      1 44     2 12     3  9     4 11     5  1
   84      1 32     2 12     3 11     4 10     5  2
   85      1 53     2 18     3 10     4 14     5  1
   86      1 37     2 18     3 12     4 15     5  2
   87      1 48     2 22     3 11     4 10     5  1
   88      1 40     2 18     3 12     4 13     5  1
   89      1 25     2 15     3  9     4  5     5  1
   90      1 25     2 11     3 16     4  8
   91      1 53     2 16     3 12     4 15     5  3
   92      1 30     2 21     3 16     4  6
   93      1 29     2  6     3 11     4 11     5  1
   94      1 36     2 14     3 13     4 10     5  2
   95      1 26     2 21     3 11     4  5     5  1
   96      1 42     2 12     3 15     4  4
   97      1 42     2 18     3 11     4 10     5  2
   98      1 32     2 22     3 14     4  5     5  1
   99      1 33     2  9     3 16     4  7     5  3
  100      1 32     2 18     3 13     4 11     5  2
  101      1 41     2 14     3  9     4 13     5  1
  102      1 38     2 17     3 11     4 17     5  2
  103      1 35     2 11     3 11     4 13     5  1
  104      1 39     2 13     3  9     4 12     5  2
  105      1 51     2 19     3 12     4 15     5  1
  106      1 37     2 16     3 11     4 10     5  2
  107      1 54     2 21     3 12     4 10     5  1
  108      1 47     2 20     3 13     4 10     5  1
  109      1 24     2 17     3 11     4  6     5  1
  110      1 27     2 10     3 16     4  8
  111      1 44     2 14     3 12     4 14     5  2
  112      1 40     2 21     3 16     4  9
  113      1 33     2  7     3  8     4  9     5  1
  114      1 36     2 16     3 10     4 12     5  2
  115      1 46     2 24     3 11     4  6     5  1
  116      1 49     2 14     3 16     4  4
  117      1 41     2 15     3 11     4 10     5  2
  118      1 34     2 22     3 14     4  6     5  2
  119      1 29     2 10     3 17     4 10     5  3
  120      1 39     2 19     3 12     4 10     5  2
  121      1 39     2 12     3  8     4 12     5  1
  122      1 39     2 18     3 11     4 18     5  2
  123      1 40     2 12     3  8     4 12     5  1
  124      1 38     2 15     3 10     4 15     5  2
  125      1 48     2 20     3 13     4 15     5  2
  126      1 51     2 16     3 11     4 15     5  2
  127      1 46     2 24     3 11     4 10     5  1
  128      1 51     2 19     3 13     4 12     5  1
  129      1 17     2 21     3 10     4  1     5  1
  130      1 30     2  7     3 13     4  9
  131      1 42     2 13     3 12     4 16     5  2
  132      1 35     2 21     3 15     4  8
  133      1 32     2  6     3 10     4  9     5  1
  134      1 38     2 13     3  9     4 11     5  1
  135      1 41     2 22     3 12     4  8     5  1
  136      1 42     2 11     3 15     4  3
  137      1 30     2 18     3 13     4  9     5  1
  138      1 27     2 23     3 15     4  6     5  1
  139      1 28     2 11     3 12     4  9     5  3
  140      1 39     2 17     3 12     4 11     5  2
  141      1 38     2 16     3  9     4 13     5  1
  142      1 48     2 19     3 12     4 17     5  3
  143      1 34     2 11     3 14     4 13     5  1
  144      1 48     2 16     3 10     4 15     5  2
  145      1 48     2 21     3 13     4 17     5  3
  146      1 29     2 12     3 10     4 16     5  2
  147      1 55     2 21     3 12     4 11     5  1
  148      1 40     2 20     3 13     4  9     5  2
  149      1 25     2 17     3 11     4  6     5  1
  150      1 29     2 12     3 13     4  8
  151      1 43     2 11     3 11     4 15     5  2
  152      1 49     2 20     3 13     4 12
  153      1 30     2  7     3  9     4  9     5  1
  154      1 38     2 13     3 13     4 12     5  1
  155      1 37     2 21     3 12     4 10     5  1
  156      1 38     2 11     3 16     4  7
  157      1 37     2 15     3 13     4 11     5  2
  158      1 34     2 23     3 14     4  6     5  1
  159      1 30     2  9     3 14     4 10     5  3
  160      1 44     2 21     3 12     4 13     5  2
  161      1 24     2 13     3  9     4 11     5  1
  162      1 33     2 15     3 12     4 18     5  3
  163      1 37     2 13     3 11     4 11     5  2
  164      1 26     2 17     3 11     4 12     5  3
  165      1 37     2 15     3 12     4 15     5  2
  166      1 30     2 14     3 12     4 18     5  3
  167      1 39     2 18     3 11     4 11     5  1
  168      1 37     2 17     3 15     4 15     5  2
  169      1 23     2 16     3 12     4  5     5  1
  170      1 23     2 11     3 10     4  7
  171      1 39     2 11     3 11     4 14     5  2
  172      1 33     2 18     3 15     4 11
  173      1 27     2  6     3  8     4 12     5  1
  174      1 27     2 10     3 11     4 13     5  2
  175      1 31     2 20     3 10     4  9     5  1
  176      1 44     2 12     3 16     4  4
  177      1 27     2 16     3 13     4 10     5  2
  178      1 21     2 20     3 15     4  7     5  2
  179      1 24     2 11     3 13     4  8     5  3
  180      1 36     2 19     3 13     4 14     5  2
  181      1 36     2 12     3 10     4 10     5  1
  182      1 49     2 17     3 13     4 20     5  3
  183      1 36     2 12     3 10     4 12     5  1
  184      1 45     2 18     3 11     4 14     5  3
  185      1 56     2 16     3 11     4 17     5  2
  186      1 43     2 20     3 10     4 15     5  2
  187      1 52     2 21     3 12     4 10     5  3
  188      1 45     2 20     3 15     4 14     5  2
  189      1 24     2 21     3 12     4  5     5  1
  190      1 30     2 11     3 12     4  7
  191      1 48     2 14     3 12     4 14     5  2
  192      1 54     2 21     3 15     4 13     5  1
  193      1 29     2 10     3  9     4  9     5  1
  194      1 40     2 15     3 11     4 12     5  2
  195      1 44     2 21     3 11     4 10     5  2
  196      1 46     2 12     3 17     4  7
  197      1 51     2 18     3 16     4 11     5  1
  198      1 34     2 24     3 15     4  6     5  2
  199      1 32     2 12     3 13     4 11     5  3
  200      1 47     2 20     3 11     4 13     5  2
  201      1 46     2 13     3  8     4 12     5  1
  202      1 37     2 16     3 12     4 19     5  3
  203      1 40     2 16     3  9     4 11     5  1
  204      1 34     2 19     3 11     4 14     5  2
  205      1 48     2 22     3 12     4 17     5  2
  206      1 31     2 16     3 11     4 14     5  2
  207      1 43     2 26     3 13     4 10     5  1
  208      1 36     2 18     3 16     4 15     5  3
  209      1 22     2 20     3 10     4  4     5  1
  210      1 28     2 11     3 13     4  9
  211      1 44     2 13     3 12     4 16     5  2
  212      1 39     2 23     3 15     4 10     5  1
  213      1 31     2  9     3 10     4  8     5  1
  214      1 37     2 17     3 12     4 13     5  1
  215      1 36     2 22     3 12     4  9     5  1
  216      1 41     2 15     3 15     4  6
  217      1 43     2 17     3 15     4 11     5  1
  218      1 25     2 22     3 14     4  7     5  1
  219      1 32     2 14     3 12     4 10     5  3
  220      1 38     2 20     3 12     4 10     5  1
    0       
F.p     G3.p    G4.p    Leg.p   Wood.p  
1998.2051998.2061998.2081998.22 1998.2221998.2261998.2381998.2441998.2541998.259
1998.3031998.3071998.3081998.3091998.3171998.3191998.3311998.3431998.3461998.35 
1999.2051999.2061999.2081999.22 1999.2221999.2261999.2381999.2441999.2541999.259
1999.3031999.3071999.3081999.3091999.3171999.3191999.3311999.3431999.3461999.35 
2000.2052000.2062000.2082000.22 2000.2222000.2262000.2382000.2442000.2542000.259
2000.3032000.3072000.3082000.3092000.3172000.3192000.3312000.3432000.3462000.35 
2001.2052001.2062001.2082001.22 2001.2222001.2262001.2382001.2442001.2542001.259
2001.3032001.3072001.3082001.3092001.3172001.3192001.3312001.3432001.3462001.35 
2002.2052002.2062002.2082002.22 2002.2222002.2262002.2382002.2442002.2542002.259
2002.3032002.3072002.3082002.3092002.3172002.3192002.3312002.3432002.3462002.35 
2003.2052003.2062003.2082003.22 2003.2222003.2262003.2382003.2442003.2542003.259
2003.3032003.3072003.3082003.3092003.3172003.3192003.3312003.3432003.3462003.35 
2004.2052004.2062004.2082004.22 2004.2222004.2262004.2382004.2442004.2542004.259
2004.3032004.3072004.3082004.3092004.3172004.3192004.3312004.3432004.3462004.35 
2005.2052005.2062005.2082005.22 2005.2222005.2262005.2382005.2442005.2542005.259
2005.3032005.3072005.3082005.3092005.3172005.3192005.3312005.3432005.3462005.35 
2006.2052006.2062006.2082006.22 2006.2222006.2262006.2382006.2442006.2542006.259
2006.3032006.3072006.3082006.3092006.3172006.3192006.3312006.3432006.3462006.35 
2007.2052007.2062007.2082007.22 2007.2222007.2262007.2382007.2442007.2542007.259
2007.3032007.3072007.3082007.3092007.3172007.3192007.3312007.3432007.3462007.35 
2008.2052008.2062008.2082008.22 2008.2222008.2262008.2382008.2442008.2542008.259
2008.3032008.3072008.3082008.3092008.3172008.3192008.3312008.3432008.3462008.35 
